55 0.434375 0.425373 0.06875 0.0746269
27 0.351562 0.57556 0.090625 0.408582
0 0.315625 0.496269 0.625 0.977612
0 0.690625 0.567164 0.6 0.843284
55 0.434375 0.425373 0.06875 0.0746269
27 0.351562 0.57556 0.090625 0.408582
0 0.315625 0.496269 0.625 0.977612
0 0.690625 0.567164 0.6 0.843284
55 0.434375 0.425373 0.06875 0.0746269
27 0.351562 0.57556 0.090625 0.408582
0 0.315625 0.496269 0.625 0.977612
0 0.690625 0.567164 0.6 0.843284
55 0.434375 0.425373 0.06875 0.0746269
27 0.351562 0.57556 0.090625 0.408582
0 0.315625 0.496269 0.625 0.977612
0 0.690625 0.567164 0.6 0.843284
55 0.434375 0.425373 0.06875 0.0746269
27 0.351562 0.57556 0.090625 0.408582
0 0.315625 0.496269 0.625 0.977612
0 0.690625 0.567164 0.6 0.843284
55 0.434375 0.425373 0.06875 0.0746269
27 0.351562 0.57556 0.090625 0.408582
0 0.315625 0.496269 0.625 0.977612
0 0.690625 0.567164 0.6 0.843284
55 0.434375 0.425373 0.06875 0.0746269
27 0.351562 0.57556 0.090625 0.408582
0 0.315625 0.496269 0.625 0.977612
0 0.690625 0.567164 0.6 0.843284
55 0.434375 0.425373 0.06875 0.0746269
27 0.351562 0.57556 0.090625 0.408582
0 0.315625 0.496269 0.625 0.977612
0 0.690625 0.567164 0.6 0.843284
